================================================================================================================================================
|| Input IN                 || Feedback FBK             || Opcode OP       || Output OUT                                         || Error ERR ||
================================================================================================================================================
|| 0000000000000000 (    0) || xxxxxxxxxxxxxxxx (    x) || 1111 (   Reset) || [0000000000000000] [0000000000000000] (         0) || 00        ||
================================================================================================================================================
|| 0000000000000000 (    0) || 0000000000000000 (    0) || 0000 (   No-op) || [0000000000000000] [0000000000000000] (         0) || 00        ||
================================================================================================================================================
|| 0000000011001101 (  205) || 0000000000000000 (    0) || 0010 (     Add) || [0000000000000000] [0000000011001101] (       205) || 00        ||
================================================================================================================================================
|| 0010000010000101 ( 8325) || 0000000011001101 (  205) || 0011 (Subtract) || [1111111111111111] [1110000001001000] (4294959176) || 01        ||
================================================================================================================================================
|| 0110100110111001 (27065) || 1110000001001000 (57416) || 0100 (Multiply) || [0101110010011111] [1001110000001000] (1553964040) || 00        ||
================================================================================================================================================
|| 0000000000000101 (    5) || 1001110000001000 (39944) || 0101 (  Divide) || [0000000000000000] [0001111100110100] (      7988) || 00        ||
================================================================================================================================================
|| 0000000000000111 (    7) || 0001111100110100 ( 7988) || 0110 ( Modulus) || [0000000000000000] [0000000000000001] (         1) || 00        ||
================================================================================================================================================
|| 0000000000100001 (   33) || 0000000000000001 (    1) || 1000 (     AND) || [0000000000000000] [0000000000000001] (         1) || 00        ||
================================================================================================================================================
|| 0000000000101010 (   42) || 0000000000000001 (    1) || 0111 (      OR) || [0000000000000000] [0000000000101011] (        43) || 00        ||
================================================================================================================================================
|| 0000000000000000 (    0) || 0000000000101011 (   43) || 1101 (     NOT) || [0000000000000000] [1111111111010100] (     65492) || 00        ||
================================================================================================================================================
|| 1111111111111111 (65535) || 1111111111010100 (65492) || 1001 (     XOR) || [0000000000000000] [0000000000101011] (        43) || 00        ||
================================================================================================================================================
|| 0101010101010101 (21845) || 0000000000101011 (   43) || 1100 (    XNOR) || [0000000000000000] [1010101010000001] (     43649) || 00        ||
================================================================================================================================================
|| 1111111111111111 (65535) || 1010101010000001 (43649) || 1010 (    NAND) || [0000000000000000] [0101010101111110] (     21886) || 00        ||
================================================================================================================================================
|| 0000000000000000 (    0) || 0101010101111110 (21886) || 1011 (     NOR) || [0000000000000000] [1010101010000001] (     43649) || 00        ||
================================================================================================================================================
|| 0000000000000000 (    0) || 1010101010000001 (43649) || 1110 (  Preset) || [1111111111111111] [1111111111111111] (4294967295) || 00        ||
================================================================================================================================================