================================================================================================================================================
|| Input IN                 || Feedback FBK             || Opcode OP       || Output OUT                                         || Error ERR ||
================================================================================================================================================
|| 0000000000000000 (    0) || xxxxxxxxxxxxxxxx (    x) || 1111 (   Reset) || [0000000000000000] [0000000000000000] (         0) || 00        ||
================================================================================================================================================
|| 0000000000000000 (    0) || 0000000000000000 (    0) || 0000 (   No-op) || [0000000000000000] [0000000000000000] (         0) || 00        ||
================================================================================================================================================
|| 0000000000000111 (    7) || 0000000000000000 (    0) || 0010 (     Add) || [0000000000000000] [0000000000000111] (         7) || 00        ||
================================================================================================================================================
|| 0000000000000011 (    3) || 0000000000000111 (    7) || 0011 (Subtract) || [0000000000000000] [0000000000000100] (         4) || 00        ||
================================================================================================================================================
|| 0000000011111010 (  250) || 0000000000000100 (    4) || 0100 (Multiply) || [0000000000000000] [0000001111101000] (      1000) || 00        ||
================================================================================================================================================
|| 0000000000100000 (   32) || 0000001111101000 ( 1000) || 0101 (  Divide) || [0000000000000000] [0000000000011111] (        31) || 00        ||
================================================================================================================================================
|| 0000000000000100 (    4) || 0000000000011111 (   31) || 0110 ( Modulus) || [0000000000000000] [0000000000000011] (         3) || 00        ||
================================================================================================================================================
|| 0000000000100000 (   32) || 0000000000000011 (    3) || 1000 (     AND) || [0000000000000000] [0000000000000000] (         0) || 00        ||
================================================================================================================================================
|| 0000000000101010 (   42) || 0000000000000000 (    0) || 0111 (      OR) || [0000000000000000] [0000000000101010] (        42) || 00        ||
================================================================================================================================================
|| 0000000000000000 (    0) || 0000000000101010 (   42) || 1101 (     NOT) || [0000000000000000] [1111111111010101] (     65493) || 00        ||
================================================================================================================================================
|| 1111111111111111 (65535) || 1111111111010101 (65493) || 1001 (     XOR) || [0000000000000000] [0000000000101010] (        42) || 00        ||
================================================================================================================================================
|| 1111111111110101 (65525) || 0000000000101010 (   42) || 1100 (    XNOR) || [0000000000000000] [0000000000100000] (        32) || 00        ||
================================================================================================================================================
|| 1111111111111111 (65535) || 0000000000100000 (   32) || 1010 (    NAND) || [0000000000000000] [1111111111011111] (     65503) || 00        ||
================================================================================================================================================
|| 1111111111111111 (65535) || 1111111111011111 (65503) || 1011 (     NOR) || [0000000000000000] [0000000000000000] (         0) || 00        ||
================================================================================================================================================
|| 0000000000000000 (    0) || 0000000000000000 (    0) || 1110 (  Preset) || [1111111111111111] [1111111111111111] (4294967295) || 00        ||
================================================================================================================================================